9.96646793251726 0.595434675617828 9.70369851775467
9.00848422032901 1.1593479525161 12.0104094333947
6.70390931215839 1.1084300764372 10.1415740903467
12.3737614615259 1.23116588149627 11.0752245029435
9.99685446337248 1.02600395183865 9.66531956009567
10.1602586106612 3.78729174761484 10.7542348103598
12.3248567914188 3.74770267312804 11.0347404805943
12.4688576340996 0.534849608004379 10.6597961829975
11.9687128953366 1.63018150606686 9.12131878733635
14.433879600312 3.25062674759373 11.0983379324898
5.37421714335631 2.13578166974181 12.2795857563615
11.2898777428658 1.80443235119703 10.8653342910111
11.4537992622541 0.36106291971764 10.4056311575696
10.240921438672 1.8004778037405 9.7670570416376
8.80165134852989 0.916377766404326 11.7679479755461
11.4200069978624 1.16244052644617 12.8761724736542
11.0098488241893 0.388874141132238 10.3901581354439
10.2654634352566 2.60953763841335 10.7123593837023
10.5560246926859 2.98165558314509 12.336265691556
9.14702619866711 12.2312726772518 10.4498719004914
10.3798304916471 0.988670882054919 9.02485975250602
9.376286318383 1.67166053407191 9.97694830968976
9.80468340362642 2.30196400369709 10.0695386957377
7.96889756894358 1.2268052458822 12.8389075519517
10.0712398310164 1.1531355517039 11.5032431790605
11.3106108685192 0.695908214513728 11.4305877741426
12.2423391801405 0.447497112946811 11.3318282291293
12.6368766836069 1.93218170381342 9.88715597335249
11.2068830049155 0.25343993090618 9.30062744114548
9.82547991668302 0.658547649324406 12.7714602481574
6.54544929657911 1.05184207984902 9.04870668891817
7.36219759526863 2.1956076775317 10.9307902324945
11.3371320601522 0.165668553699597 10.9794798903167
8.77036611705973 2.22975258292961 11.300693931058
8.37888588698045 0.586991080774453 11.4156936174259
8.79418785910713 0.800175448260246 9.1160092856735
7.16202540612447 3.15307233802527 12.3648839099333
8.52400247474568 2.49582174782952 9.09700015932322
15.3877081019703 0.779235642505396 9.35337796062231
8.92752587840518 3.2150313603393 10.1973040597513
11.5369267057015 0.252264467649699 11.7493828646839
9.37398288200958 0.465586692065313 9.67822063993663
8.89293013064177 0.531420438961261 9.31475842744112
9.04627780191769 0.365187463620481 10.6414547562599
10.571400923231 0.841641898935085 10.896814558655
6.81026873070988 0.786954710715105 10.6715383920819
10.0012450542946 0.356340229338096 9.38291038107127
10.9521099794053 1.19298236594598 12.8109877323732
10.2652326924801 8.55022064116443 10.6303631644696
10.1088041402391 1.2770568502347 9.40227208100259
7.91425248972027 1.12434237373042 9.8884142069146
9.62429807042847 2.41078177718168 11.4096470214427
8.31312719927823 1.79076008201339 12.7082944493741
9.80001681582384 0.164827945091005 12.2635917803273
8.26341330341367 1.727657225034 12.7285410882905
10.404798953305 0.594391955304964 10.5230515804142
6.80168722736567 0.907750525578939 10.9572273315862
10.7437739649276 0.0614006564604771 10.2233271198347
11.0240148379817 1.01483111052069 11.849097984843
10.9271008731187 0.572693156746384 9.09947849437594
11.3090505931735 0.956639328953525 12.9353078110144
6.96737714199395 1.34925599637804 10.3170205652714
11.3928554381945 1.54193480753968 9.11514506209642
12.4478679701232 3.35656945353079 11.31622625608
10.3251377636945 0.946280221901229 11.231025736779
6.95738238159477 1.07093385833773 12.9115981934592
9.62451449959971 0.408405244782899 11.3968393672258
11.5032401825818 0.466890064428069 10.5392416287214
13.0128168652079 0.187952197905982 11.8685890072957
11.2259733685473 0.693963722307625 11.3033838672563
11.4364814365516 0.720700968796505 12.0085789272562
8.26423376948173 2.83546131606676 11.1230764565989
9.13025225140154 1.40044300238774 9.52274797298014
10.0679407529522 2.66399947409958 12.885920714587
9.26071468700852 1.05855523361174 12.6004365468398
11.7099104452177 1.48081616466455 11.3308386337012
10.4907269918723 0.507960902038234 12.7407993739471
9.26256460433865 0.698695160807846 10.05819901824
12.4532657801636 0.778987951928689 11.7604052126408
10.8166176275688 0.46068313430011 9.02741858735681
7.08549436432896 0.25620922637309 10.6614887779579
9.94088940460343 0.0751409680919393 9.66352387983352
8.75111455088093 0.348470031487193 10.0276102237403
12.1336158288862 0.105903138103088 9.38102204632014
11.6194670446584 3.07600304860168 10.9067831104621
8.9772174012625 1.18561993304426 12.5769616384059
8.07463357255842 0.277858234796691 9.03714861441404
8.85879636706671 0.738254665813249 11.0208682017401
9.5884527626909 0.350044713162983 10.49667055998
10.5200874725529 9.20980453382141 10.4288506070152
9.06927152658412 1.83164625950687 11.7155993450433
12.5984162301365 0.222818416724029 11.8282361011952
12.8125628603077 0.991978171071565 11.4441233770922
10.0918967557516 2.59349201361657 12.2894812040031
9.09251454717616 0.0985540235995277 12.3871770463884
12.2514592552332 0.619664893371665 9.4553337553516
5.2739833818772 0.334064074147279 10.1002807356417
6.87334912968784 2.06898282792694 10.542785407044
11.149476425455 1.57319029466356 9.08726873248816
13.2426843139546 2.28502985074447 10.5249253027141
9.15522136755205 3.57464688531356 10.5538016799837
4.71533804613922 2.92656109582279 11.1804485125467
8.88165883556876 0.376892343102989 9.34611089807004
6.75972194757283 0.240766555477245 10.9094978561625
7.57908564012214 0.477494339382655 12.2571211280301
9.09939100345223 0.816659767978445 10.5841004000977
9.80431389834435 0.542791636152043 10.0358339613304
9.55137038356901 4.40414168923624 11.5155131509528
9.5353932988508 2.61597059245741 9.43641140498221
11.3103221260554 0.502137515105093 10.23841721192
8.64311789791952 3.40349247958274 12.8106447281316
10.9752144854024 0.975164242321027 9.61555872298777
9.94229487942981 3.04415038073367 11.3746044235304
7.70909061115635 0.370426319015456 11.270026024431
11.1894102271931 1.10846056594215 9.67901082988828
11.2608050337574 0.601468652333025 12.4325236706063
11.0687583144781 0.97368985773348 12.8028503078967
9.70725017044047 0.94455258298267 10.7039328468964
12.9945412411181 2.19357578691253 10.2104989318177
14.8681470690578 8.7636554158099 10.9594263080508
11.8356111789438 0.239900571713943 11.5338376937434
11.5566657894 0.689910342018713 11.1806073319167
8.80552453020054 0.15794616421298 12.7227617111057
11.449906604529 1.07142253770891 10.9810807267204
9.57945108088553 0.64550390991184 11.6488895686343
12.5840878998198 0.550395142050737 10.0864550415426
8.69777360528433 0.552939045822337 12.157685152255
7.43382344620092 0.219432604121132 9.43207610398531
6.83525611060577 0.491076025873405 10.2002470986918
9.75062781772765 0.354721790906108 11.1737914308906
9.13785689159416 3.05798733335221 9.53061339538544
9.50189186985532 0.97357426820946 11.0560377528891
7.96407662228003 1.0038749289111 12.08798353374
10.6997970611479 0.649497897737142 11.9359491718933
11.265258422483 1.99711889880453 10.8605352910236
7.59829867305023 2.50830157403602 12.6763433879241
8.65429048197049 0.881290065773645 9.17699034512043
13.6729912470735 2.13442727095931 11.6099149715155
10.4244461959715 1.63470972453958 11.1081198314205
14.6847753481906 3.37987786640745 12.9508081749082
10.2032203254531 1.19485373807241 10.3823535172269
9.80576501200652 0.389150245481197 12.7877831757069
6.25816482107016 4.62455948229112 10.148094445467
9.17074900621077 1.10738714305605 11.9400438126177
10.8191440622168 1.69083427373533 9.28785952366889
8.55856233113768 4.74793946428559 11.292520406656
9.85358473234116 0.978630186433591 10.8766701193526
11.3714645003582 3.23127296673539 9.09581596869975
12.7039141689505 1.59655909138352 11.1895669074729
9.10416619204309 0.612647383309398 12.5507414005697
10.5104886742469 0.965245307218837 10.7192721581087
9.84977224041011 1.53650859546562 12.6462890869007
7.94397720568443 3.00109054867784 9.31514622922987
7.60590500263901 0.873317697307593 10.5806696023792
10.1164820698308 2.77809951197387 11.6644768491387
10.4877075483561 1.30182692909284 10.4128545746207
10.5873011599589 4.03605397503414 12.9361672950909
11.2316183192376 0.21943418058244 9.11902336031199
14.0580711608528 3.31952212194112 9.26122177857906
7.20985795755306 0.183382426891583 12.7322915755212
11.5620531914899 0.606562082035214 10.9688840387389
11.2359561098265 0.897383238480202 11.1907135546207
12.5853875564017 0.931556032647586 12.1876669991761
14.6282518543596 3.6097353648358 11.9852221356705
10.1501837150268 1.24258789821322 10.4936832757667
10.2566744363281 1.78747119027726 10.3280389262363
4.69434894223242 0.660298317720915 12.421100446023
5.99690714811878 0.194787673789642 10.9496473586187
8.48394856271478 0.625625835312844 11.6301620611921
6.86037153435587 0.657062815067992 10.2164869783446
11.6806290250566 0.556438384910291 11.8712203437462
6.47220951392653 1.80537054648432 10.9652149332687
11.3589277444416 0.723743784005574 11.1359224254265
8.85181404611915 1.65405121648708 12.1864578677341
8.67206345715672 0.697404080797087 10.5711569851264
9.20416549185722 1.49728652584068 12.6561305578798
8.6703556535807 0.115363707097196 10.9933352610096
8.71372657096117 0.49481176930355 10.8058706028387
7.75283356313505 6.21466920363512 10.3859428828582
11.5335387664668 0.0480018145329021 9.37403594143689
8.61313696354703 5.88673178573334 12.6842774525285
7.24643914167496 0.411430336832934 12.8201243588701
10.8441723937102 0.674199606563757 10.1664868872613
5.64542741989133 0.980703744023462 10.7905182158574
10.1478807188873 0.859723106498855 9.32952783815563
11.1435375840532 0.763651647511531 11.7736490704119
12.8520473782186 0.936100432946763 11.239556751214
9.60740037692938 1.52124329878737 11.9870982924476
13.4093316861434 0.380696823181339 9.00748072285205
10.1352390800412 0.18920481428793 12.4221018794924
12.5315641708282 1.04831366082443 11.4346515471116
9.56488877227177 0.344754419036367 12.7709720041603
9.64891474348885 3.79812916041748 10.5644012577832
6.24098937761897 1.81425154329471 10.1168502978981
10.5287970392038 0.351912474602564 9.16477565653622
8.85187554319073 0.357576125675509 11.05711886473
11.755617963041 1.2504473581481 11.6381342103705
9.77204837106648 0.381693766855663 9.04442009143531
8.35100513323386 4.84018003570012 9.84335727896541
11.3772951742925 1.8967813989914 11.2968875905499
8.76569773863886 8.01161240908269 9.6688062408939
10.7908430121623 0.290428699077758 9.05442021135241
8.21266010061488 1.98963143053152 12.5222291490063
10.8386825929642 6.20195579571656 9.99064859934151
13.2756499877404 5.94346434728295 11.7697427207604
11.8319003433397 0.700630979717518 11.8301845947281
10.0178904246944 1.58944458285252 10.3699090098962
8.6278881738621 1.04735417263861 11.2298496337608
9.69347596825217 1.96082245732136 10.8737755576149
11.3596281698734 1.25151889795749 10.1264886287972
10.2780454375111 2.5985068190577 9.78933568298817
8.37862045898544 0.400676835726585 10.5523475958034
10.892631272777 0.500589820886103 11.24072843045
7.02583316354902 1.41761110922485 9.17995845526457
10.9424068583339 1.51980827537802 9.93548006657511
9.05788797303231 1.02817810690078 10.7957060784101
11.1355923509801 0.7907487027498 11.7699778266251
10.619675957411 0.477970029562004 12.8341463133693
10.7841889609844 0.284380733664943 9.82788984756917
5.41627199347676 0.40210784637633 12.7184001300484
9.39528164703184 1.45972413252809 9.51042449939996
9.84510035563177 0.525162799239099 11.1191465109587
9.04569372882035 1.5530630411744 9.57855766173452
9.41870652120096 0.485703288421334 10.0755649311468
10.5683982040491 0.498309193683421 11.3463472826406
10.4432095754572 0.147871818580373 9.5522179082036
9.14091438506846 1.54601937076344 10.3658809317276
8.86935082356355 0.862193775703403 11.2230973653495
11.7891902692805 0.19562396915767 11.9902838207781
10.9685189975538 0.299843565119418 9.17933520209044
9.60586130756854 0.811878446746435 12.5092774182558
12.297833084053 0.465521179489714 9.74612900149077
7.01930419871874 0.378020934218091 11.4794065263122
8.40566601648463 0.655199037354348 10.947905019857
12.1919261163426 0.606083944225317 10.1180807752535
11.7180008233886 0.964135142955903 9.91866114549339
9.27698244643764 15.0536404692664 12.2797825196758
9.41443380025538 1.02686459010136 9.84509106911719
8.52921541953349 2.43648502476851 11.937601136975
10.4501367542509 5.82865849670979 11.7186867743731
8.2392061919989 0.984164400507422 10.5369794722646
11.213187696671 0.471805119296571 11.8615078581497
12.5574957939317 4.82006788320996 12.5567056536674
8.26692030832999 0.581374694593739 11.621109017171
6.27281878611205 0.13065765123331 10.4036813527346
13.4324481313938 1.31305184031949 11.4439311977476
11.9220396092968 8.32157546713507 10.4533287454396
11.7792597997273 2.20539848649336 9.56557774357498
12.3520249596268 4.72359648700255 10.6323143867776
14.2609222036191 2.92980996400664 9.34972597099841
7.60785390410635 0.734172655396225 10.3320443313569
10.6641722798872 0.397120950634379 11.5509413434193
10.93120304505 2.74628574608781 10.569362225011
5.48595093959421 0.442610150252091 12.0604029335082
12.0572362323047 1.22919620411291 10.0347257573158
11.6539280854759 0.209862963989375 9.22579242940992
9.61507369970235 0.186102791637375 10.7297102119774
8.61439357980973 2.79899329184556 12.3545822110027
10.6296053575654 5.98770285200197 9.50440262909979
8.13873871004505 0.998592015436231 9.12642456497997
8.75057458798435 0.321208862538886 10.2296658270061
11.8749045756719 1.44009453636502 12.6481280429289
12.4428627665183 1.13616990698889 9.14063583966345
10.8531421565816 1.62747819137809 11.1566175352782
11.9168052829411 0.25566114445989 9.99175442382693
11.5475410804835 0.30332354870487 12.0493240868673
9.97291083768721 0.537565857508279 10.1840587900952
12.0895882897164 0.573409788782772 12.2494838619605
9.19933662905996 2.43604845722462 11.5513536566868
7.73796456212585 0.79356118448999 10.1204232722521
12.0149265235068 3.34758101093073 10.4910804517567
10.8679365846027 0.789875261359061 11.3964517032728
8.47160964354081 0.728842693133068 10.0217041783035
11.4747021074762 0.994580922619327 11.6039033057168
7.40208304766124 0.461955141860721 10.5563591811806
7.8371867757098 2.04016212488128 11.15566863399
10.4301601372015 0.617482355371645 11.0712623316795
10.1813509926032 0.583176011837106 11.4567463360727
10.4128990736377 2.21421848087279 12.4269499229267
11.8597464767804 5.4652821829519 9.63852869626135
6.61777762294919 1.50132799836901 11.4180561583489
6.64213539589257 0.434894974367205 12.7001872453839
7.4402544286391 0.602228723354418 11.3077860679477
12.8348753682806 0.29180669252604 12.7240354241803
11.0860119638761 0.454818550511847 11.0206522420049
10.3395581117651 0.697305785066094 12.6409255834296
9.16898192509114 1.98301079164723 10.4056591009721
7.41067371501565 1.47910675146912 11.6792734628543
7.53729041948632 0.756874237081563 12.373798456043
9.34102969786765 0.43445207032151 11.5708110295236
10.1440512491704 1.415855656614 9.5015463558957
9.90909773546855 2.24226152667589 9.17663522530347
10.2069200563936 1.83347686878751 9.85512932669371
12.1008912978406 2.27544240649689 11.6318741198629
11.7229158640906 2.66599401125721 9.34951547626406
11.3458163591315 0.738586028576284 10.5633810274303
6.39477671548558 1.10148336485543 9.13720836956054
12.331268288134 3.35056142125544 12.23208559677
9.66391173261763 2.95650307950122 12.9960225997493
8.22087587379961 0.779994988792081 10.9323791777715
9.0884068936671 8.10363149603381 12.075699724257
14.3564796368194 0.196137471251534 11.413896379061
12.1052948019838 1.46266523646605 10.8453069068491
8.69846424559267 0.409702634025748 10.2297131596133
6.57650822455542 0.878340499144147 10.4249358968809
7.7487141715166 1.31619217098232 10.6447519958019
10.5632780077076 4.90935863271501 9.63135696481913
13.3234092846927 1.14238958707582 9.8342946395278
8.53169745679572 4.24491328683869 9.55687229614705
10.7358867592041 1.19779186944269 9.21398156229407
9.08396989242224 1.70717029362889 11.0416186982766
8.93489267955394 1.06409885939955 12.6677642352879
9.01925922614903 0.786388151984245 11.1704538669437
10.4802214687226 0.928435255213427 11.5750862564892
13.2228271157248 7.85327283507441 12.7910133162513
10.8984453328966 0.700579767507679 11.3719304623082
10.8180323066949 1.73301588880322 10.0167256556451
10.7839014092191 0.777948113656562 10.6869695568457
9.84934176967418 0.414544864172852 12.5665544597432
13.0667332329065 0.643937867842789 11.8508999440819
11.8568929987061 0.421701339167827 12.787985865958
10.0079615080952 0.904534998454612 9.74264436215162
7.24005801645845 1.57958199356843 9.73634419962764
10.0667002617939 0.719329926817274 9.4521035766229
13.6390127458874 1.17357320004927 9.11142865847796
10.4995702833687 2.58249671602377 10.2119022831321
9.2326092926664 1.78656310336662 10.8072370886803
7.48174379207248 3.67059321771596 9.21868312172592
16.0177778929374 0.25412796698746 12.3532616067678
8.52366908259788 0.959413474496457 12.0932496720925
9.6897894816067 0.753387879605019 10.972125354223
9.48206475323965 1.51896667179036 9.28201927896589
10.421203742406 1.12017381843095 12.9339665090665
8.64209071557868 0.865845467873521 12.5881445202976
12.009350100382 1.20961875495992 10.5910159060732
10.1901640285392 0.143759946345214 11.1858082944527
11.5351382233516 1.83373922793702 10.3298459481448
8.6974142793737 0.406442518533104 12.7108272798359
9.34471841683815 0.440113885527977 11.9541157949716
11.4480981234595 1.48370826650905 12.6056999573484
13.6569740903322 1.59471468846279 11.9445838434622
12.8603670617897 2.02169588237463 11.4541656682268
10.8590810068136 0.313230765146715 9.55749266594648
13.2183982463041 0.524396876630979 9.56158677302301
7.36305622016817 2.731232196172 9.93418159242719
10.4261932898185 0.547028430641485 12.683956746012
11.9695323530527 0.853902009140705 11.091414321214
10.9079344698191 1.60815493323887 11.706990734674
8.53807893030828 6.99705263829324 10.642553688027
10.7420971354454 0.170361760266375 9.88543094415218
12.1426057282884 0.933367914785741 10.1094940192997
7.13837168515588 2.32826634278765 9.57952022925019
7.0344351553533 2.35280796321143 12.4958787718788
9.18369075308004 0.947984487084386 10.8490781495348
9.82018723666773 3.13210929206008 10.2154841041192
10.3559370998206 0.665827644374136 10.9934338424355
9.76134881193118 0.314644974915511 12.7908476423472
12.1229016890806 0.477801712202227 12.1842619571835
9.02375202793166 1.24996250042506 9.91258450131863
8.8557337565235 0.845464586142304 12.6899032024667
11.2148314648679 0.514814354510502 11.5362142920494
11.6753137832527 0.775832486671427 12.556428574957
8.55509020179222 0.59290327209365 9.31918720994145
6.51462222920966 0.595984218128509 10.5745578035712
10.8104451904355 0.144617039573475 12.6695225564763
11.0903692176846 0.288235862970647 11.2975603565574
9.46552564085435 0.869572497450092 11.3267250759527
11.028877827211 3.10134677739673 12.9882611185312
9.16070650761367 0.448641843990157 12.3801602330059
9.06134780498783 0.809153365839619 10.5991726052016
8.69470822134743 0.310858972084687 11.2680860394612
10.9529709660429 0.860013950147093 11.6398076489568
12.4224274040828 1.52775028153689 10.2753956727684
7.47321639317225 2.14945994616095 9.01188099291176
15.2972283676744 0.120811735980718 12.2316544679925
11.9965977499837 1.46725368035206 9.33331522904336
7.16050298571718 1.76653164243678 12.335339861922
9.28594550701779 3.19415017657305 9.50775059964508
12.6271972561929 0.919574955177727 10.0316897686571
12.545684164473 2.10879170440696 10.6803690837696
12.414014527659 1.09240210648887 9.10381129942834
10.0501254108825 1.11271316498593 9.02636054344475
12.8580834300466 1.44925461978357 11.2711899131536
9.09449741294571 4.94388825222609 12.9687597956508
11.9377008589251 2.23040490828867 11.6978722782806
10.4887106655157 0.806243655158647 9.5027729421854
11.4983862296286 0.408398812245261 9.21508281864226
10.3716081315626 0.857870405944864 9.37764880154282
12.3721321904043 1.45941816153203 9.00614427402616
11.0168380612172 3.32093386659317 10.2274026805535
10.3234066573774 1.28882313198027 12.4943388355896
10.7245524908077 0.360950228504128 10.6228803871199
12.1556382306824 0.25780490960097 10.0994254890829
12.9086687968967 0.241377373016457 11.9121713135391
12.1896559358892 1.69253853637442 10.7652709372342
7.78177909176639 0.19747329035486 9.81571923103184
8.48831591264251 0.990190339211861 9.13068726565689
10.1062373172255 0.40651587004927 10.4116286011413
7.9275753450057 1.64501280173421 12.675584608689
11.1414912994908 0.502394812589652 11.8657612828538
9.82654968175364 0.49809371665143 10.7499719010666
9.59049630186817 5.07343736364452 9.75966497138143
12.7242976191976 1.25267074498043 12.12644418329
12.2164832625132 2.14605874573965 10.1312056211755
12.0113641303193 0.701290194132571 10.4199194982648
11.476222156534 0.700825404569899 12.6178239714354
12.7743860892277 1.77383327622593 12.2212563287467
13.5508583381662 0.650755838980365 12.2649661321193
9.92626254744513 0.702826389706324 11.9942233152688
11.5657297311024 0.302568247888786 11.7021481283009
8.81863753418871 0.197148522184932 11.9533731909469
12.7619962670301 0.42705004515225 9.49390044435859
9.84499362118867 5.4199480773792 12.4487386774272
10.4643559770869 0.671068851639781 12.7536422479898
13.3585433863832 1.42996478587292 9.25762140378356
10.7982696301529 10.1937051064389 10.7929914696142
10.026027525788 5.1972773006408 12.1751900259405
7.81875601861838 0.743143430593245 11.7976652048528
12.7868213608334 1.44262236463478 9.62499634269625
9.03061966646631 1.95067903231774 12.3165169265121
7.43319199830009 0.205364368641889 11.0127098439261
10.2538341723012 0.133083345244264 9.08157802093774
11.5515506265258 0.745678011744252 9.45090837124735
9.47617095318292 2.18976081634348 9.37778415158391
13.8861149583757 1.57367290580398 10.1414887690917
8.77302084080527 10.3836686098853 9.58514982927591
13.2502260788768 8.54943741594602 12.7637989306822
11.7190720639932 0.301522909217967 11.1438358379528
9.62581862838795 1.11669773058937 10.1163301151246
8.70966395598658 0.197005591827005 11.539785951376
9.16356996030354 0.778032248542156 10.382865733467
7.76860107562819 0.811107182131869 10.7800559503958
9.39798583979793 4.01964532340622 11.7031006636098
10.0183542201353 0.751775010065842 12.7661085138097
9.67097607311293 0.226063072415954 10.9459099164233
9.86066178862166 0.811876555645671 9.47389650065452
10.9011956800779 0.819523761334913 10.2420282373205
14.2060717712274 3.57739201555661 11.2819177424535
13.5407126175737 1.28901175148462 11.2606255337596
10.5295684916741 0.452135349318343 12.794032276608
9.73421044211487 0.505419068329528 11.3248811708763
12.8332035160186 0.0691017116180058 12.5885914657265
13.1169666480604 2.64864340748786 11.2449686946347
9.958754091838 1.48127219428729 10.4849815657362
10.952144661692 0.523061630496055 11.3367717284709
13.5742847037385 0.0928841806766066 10.0817848965526
10.2974348080524 4.00157328354757 11.4740963215008
10.6664221116558 2.79506984688833 9.70249179378152
11.0206395531701 3.08885756871371 11.0714197661728
9.47907001783256 0.200155735309641 11.4168506609276
12.0130332678712 0.8003783007437 10.5000319341198
11.7705067727708 0.944275247312541 12.9288346832618
8.73117483642127 2.29111232371228 9.04902768135071
10.0941275555529 0.314793041240561 10.7680432870984
6.29334911850353 0.267837859892162 11.2191038392484
8.8719605935808 1.76468139749231 9.58153249882162
8.58888576708089 0.32179117557273 10.5156692676246
7.41813922615712 1.538243161261 9.34250962547958
10.3963942253862 1.50091540883612 10.0928618581966
7.92590083066475 2.11613090038658 9.97610147111118
8.83672398711699 3.00406544157142 12.1826494205743
10.8028646464759 1.08101450243498 12.6906211050227
9.63276627373512 1.92548728260512 9.8981957975775
10.9983603887284 1.27571739292141 12.1113722417504
7.23006037793009 0.813096100341534 11.6834710948169
9.67712488719128 0.399876159839893 10.6651401696727
10.3793599067811 0.200782309947481 11.9046447435394
10.973412540956 0.19612139748684 10.424974501133
8.52990438271515 1.88130159244305 11.8629034468904
7.42207922585419 1.25044167650025 11.8547264114022
11.6894962480054 1.25537926237215 9.61897272057831
9.6087118739864 0.3592921283084 10.1609438387677
7.35519163808539 0.5892283724083 10.771927149035
8.53891117954998 1.1760864223907 12.0340695567429
11.4557777082705 0.705549590710266 12.4022614499554
4.76445018127539 0.491549009220034 11.130075356923
10.4319975445306 1.01456902938149 11.5401972858235
8.7134240332467 1.19359204331468 10.7449724888429
8.45430959476393 3.08472023696709 12.7791359629482
7.20379045270172 0.400156532288945 12.3903637202457
10.764936066887 0.9382523317353 11.815565652214
10.7658566564876 1.04465162007318 12.5855157915503
11.1573285213558 0.895393572789371 9.10890354029834
10.8179569833227 0.23423716154318 9.30090139154345
7.12555088994129 0.844884402442379 11.176152956672
11.3210361360767 0.264641461169808 11.1302286218852
9.36536945358348 0.522697482634473 12.5377589222044
5.88730355499454 1.61615858505182 11.2431897856295
12.1847081839056 4.39709691560029 11.0350871849805
10.821462182619 1.25583524926194 9.07453674450517
9.95572600382424 1.62094844824535 12.7182329306379
9.78033585172461 1.94015699425633 9.17074230406433
11.6867085858182 0.625260378585882 10.2174408566207
8.52309093318367 0.275953715789258 12.0498594436795
11.9211698112315 0.783385559588439 12.3007904766127
9.02485257278254 2.5641708557294 9.70371920336038
10.5119597031317 1.54612450364819 10.9842476667836
9.34895711204931 0.0903943942844867 11.3467798326164
9.23268223836625 0.634372253996178 11.2265747915953
10.7243125499213 4.5696367515194 12.1386888474226
11.3968816163177 1.66399388803014 9.99002442415804
10.3243118345671 2.63152251143306 10.9301818851382
8.96405293064705 0.366196909623279 12.0271209254861
7.75348346805 0.701956555845552 12.778313729912
10.4437552840748 0.0704592173049075 12.7793601909652
8.66928315430393 1.07516133593092 11.7126706279814
5.74783945222907 9.39361912174683 11.4955661697313
10.7594385507118 1.00086858154772 9.30750972125679
6.18022633044167 0.938741951115711 11.3153887847438
10.6135930568339 0.999590568884407 11.6129697449505
8.55252537320078 0.336667366373231 12.9821257432923
11.769761745728 3.23270416273459 10.8802741970867
12.8747824617156 2.18716799744509 12.0067363036796
11.995690086856 0.587179104238109 10.3530466081575
12.1322874915065 0.80821007469346 10.5419751452282
9.18813638228587 0.27583157551668 9.00160755962133
11.1892204307012 0.0967577737252706 9.24880291707814
9.93263271222324 1.11980832095752 11.2639764016494
9.96527484512932 0.922138290376054 10.8235671529546
12.7910204852062 0.411018170738414 10.6782185724005
7.66263966890061 0.231208088134821 9.26061106938869
13.3295482218751 0.599539844711923 10.182709204033
8.59180527384049 7.66534559101001 9.84943902958184
7.25174585220404 1.94794290937861 12.0169855803251
8.24348052680137 0.543395995444688 10.481966224499
8.44813103466495 0.801874231381603 12.5513894138858
12.4418232626584 0.536681998010608 10.861333928071
6.35214864644557 0.189853709134738 11.5396112110466
12.6247327905933 1.43321643606693 11.1739241965115
12.4017071483751 1.26871213162387 12.9397402042523
7.88968330495733 0.51705602182363 11.7286785235628
9.81475811469326 0.655595058716848 11.9707022951916
10.7796356204572 0.338607659397294 12.5116196162999
10.2744585926846 1.17607297674029 12.250653882511
7.97172868187923 0.105542447831778 9.38798782229424
7.96081892088244 1.53735240143126 11.7808065991849
9.79952739354474 0.806070550710033 10.3832156667486
11.1868747843647 2.98844272528743 12.4235964892432
10.9606913537345 0.945084663761805 11.2950304858387
8.34115159232101 0.147742516211159 9.50377178471535
7.86325753446418 0.613352475444774 11.0778949810192
6.23417928531587 9.78552142949755 12.5597033547238
10.8024009851098 0.903782981777614 12.2807250916958
9.58260193257457 1.57441629183197 11.4022155385464
10.1280776383606 0.690166705971031 11.252822495997
8.34115127461482 0.611331128903962 10.0294400285929
9.50871667217355 0.30153034001024 11.5739730782807
8.4913111656463 2.80975907881498 11.6941538853571
11.2074775123638 0.342812861847505 11.9351523267105
8.05187208291252 1.38442733046431 9.11248611379415
13.8321622812836 1.40849820792867 10.4876051908359
10.1942672049239 0.629265455374054 12.6173263769597
8.98195540329523 1.00388251269643 12.9471896132454
11.285879822943 0.428522804762975 10.4202807722613
11.1886891606113 0.714020443264762 10.622386184521
7.40645569680802 0.696192443847032 9.13130124844611
10.6363338256575 0.279895106288231 10.612071370706
7.74790953609409 8.35867779600594 10.5879909479991
10.0797663268376 0.486108943874971 9.1365789026022
9.29509693134164 0.550134099199424 12.1987871201709
11.1858920768218 1.58558867178937 12.9219985064119
8.45293625165337 0.882432710748853 12.3853805121034
6.9892242007392 3.04638176851765 9.74800324998796
14.324831206159 0.302215566697127 12.0954838432372
8.59372810651092 9.70926439744633 10.5811895541847
10.6717813099186 1.13712890626576 12.4050131700933
11.4398257560687 0.0923069688359589 10.5987763218582
13.5660023842687 0.711961685950402 10.3249097224325
11.9280580268549 1.09611068456289 10.6635598046705
11.8011922255383 1.24341142040996 11.7074491595849
11.1077785306072 0.10341783226323 11.8127312893048
7.71839016951733 0.735284804490957 9.43662552256137
11.1950941724351 1.32483620047628 10.5597232142463
7.84620077736554 0.885815239636828 9.78825285937637
9.77049340387939 4.0312778519809 10.8780712783337
7.24146543993147 1.17662364385434 10.3866926170886
9.20480786245798 1.63679402260516 9.1009170114994
9.77271577800176 9.30980838013175 9.3145854389295
8.87146751461846 1.8903242121428 12.4097413644195
11.28360735821 0.605448332457321 10.2758974600583
9.24493970611095 1.42776436438167 12.5456438641995
7.6660509269349 0.436166464490886 9.85259830486029
11.6151353354274 1.41767372103345 11.4000641694292
5.42658172239516 0.237383845500172 11.7291556438431
10.0173100840767 0.447788481297654 10.5481057325378
10.1035411762899 1.70446727629692 10.0967564918101
12.3005506821052 0.943396942339001 9.5144257126376
8.40679420032145 0.4224027119428 9.20907298289239
8.67570522456549 0.178841105917128 10.9019266357645
8.20170991903574 1.46550128992109 12.5338356280699
9.94499437788995 0.529263540100024 11.5638541290537
10.7575941729749 0.291008201712199 10.6046207509935
10.6576115509491 0.292469759744285 9.1850047307089
11.7418701422791 1.16917057253802 9.51676943898201
8.81614889983052 2.52634910930907 10.9608222963288
7.96731478051846 0.189257283925235 11.6208404665813
12.0081494359774 0.700154654662827 9.72739152982831
10.5489309266695 2.5680520184066 9.48827511724085
8.65444457674444 0.369539786642637 10.4819598915055
11.1988994990137 0.685654452654919 11.0986144365743
8.8217339701617 0.932631225279298 11.2571549406275
9.46245356984488 0.440930682531994 9.52207615040243
11.0641552570764 1.08426080339592 12.5089459363371
8.83354309479296 1.3992620343942 12.8356786342338
10.4472734398313 0.217733442431886 11.6259953621775
11.4402728972138 6.88535494036984 10.8484281226993
11.5710480892754 3.44677823091703 12.8480626009405
7.95899613766381 1.45489224310855 11.0370222143829
8.69516723958465 1.26558091880816 12.8361039375886
8.7302982792112 0.273024114690814 12.9388593416661
10.0737690458811 0.352178822484363 11.9185734791681
12.7810760618204 0.336576904201303 12.380187372677
9.82026950586217 7.86583524003508 9.0099012888968
9.28534703636916 0.277719145327748 12.8128320565447
8.62223170409455 0.935618953858775 9.0891104452312
12.3579101039939 3.02272223335162 11.9339706301689
10.9124936203426 2.01473274838908 10.4287609625608
12.7895003747952 1.31115359498825 11.737162809819
10.2317437490549 0.56240866079277 11.7580365072936
12.0468126147421 0.185079376693538 12.1823419015855
12.6531980000271 1.4960005138033 10.3118804665282
10.6726620696777 0.848586768728438 11.1595676243305
10.5411978549685 0.817057274483704 9.31615192443132
11.3608584929612 2.30144396433057 11.4679899401963
7.68838774284775 0.569119763441542 10.0071752071381
11.0001697088901 1.99773623902282 11.5263554649428
6.78370013040392 0.197655819490261 9.62262202333659
9.58695657081277 0.834629489995762 12.609006353654
9.1023943926729 1.42006588515803 9.04149898141623
12.2914636876897 0.10860473104263 12.4713243851438
14.3162936739536 3.02296324222819 12.6908649159595
11.5319795055438 1.91181689477543 11.0400436101481
10.2326416366991 0.928553830823145 9.59380100853741
7.09665408489035 1.49458656388713 9.20100101362914
12.6901444511405 1.07578589091856 11.3086622655392
10.0325318567501 0.51097063855211 10.2527164742351
11.9051973834934 2.75969343692318 9.29887022916228
11.081060597 0.369673332620941 9.80624934006482
10.3804786960737 2.76152975537953 11.2878329083323
4.58195763370189 2.24289767451778 11.8472716677934
8.2132008930605 0.73506255968522 12.0828258888796
7.02876531242522 4.05752194898638 9.68761226348579
10.8617009296254 2.14192496246275 12.6991547392681
12.6387637758831 1.86771457631414 12.9762934939936
10.0429406117236 0.648585897085721 9.85006279218942
11.9897248762585 4.08768678915832 9.30553192365915
8.2832622399411 0.374997360058995 12.2533202636987
10.1596364707511 1.70156968191249 10.2496155044064
7.78791387522843 0.715200889864639 9.14739850349724
7.911736306641 10.1301688573351 12.7530967369676
12.0109235765356 0.212765808202033 9.54629345797002
11.553718657557 0.731659836125535 9.58327439520508
10.2964841791279 0.562984679625167 11.7470227917656
11.1409866550017 4.88943542417758 9.90064956154674
5.41190104160757 0.606970886427756 11.2350408723578
7.63583911111821 0.171573627486778 11.2807308100164
10.860212916946 4.28487692447478 10.9566657571122
10.6256656700188 0.493489585080994 9.35644679702818
12.7522310992712 0.318254370586089 12.6682503204793
13.0241162101965 0.837423910776142 9.16357700061053
9.6441739460184 0.666595853798591 12.2678255094215
10.1158909392916 1.21409903720913 9.47951541654766
6.13601337649257 1.37033253121418 9.18206728063524
10.456185843553 1.53802730865008 10.7225573956966
12.8638047644952 1.07389921014076 9.61373705882579
12.8022136820213 0.234870742896865 9.68145631626248
11.1300903623295 1.48760974421901 9.93264247570187
10.979022939304 2.6064969791117 10.2008398082107
12.065168031179 2.64907288993389 12.1945437695831
12.3396781541149 1.11163839804334 12.6440800018609
11.9172404279854 3.03814689063589 10.125674881041
10.0273568859163 1.41062966458069 10.2173850005493
11.8337334924013 5.49870667173359 11.1222595116124
13.1433825142199 1.13781487993173 9.35955595877022
7.62889069322863 2.03198233880492 10.2023702785373
3.63610151531161 1.90007904762558 10.8104211920872
6.67531538376288 0.691584137519094 10.4209607010707
9.52228260541548 1.67287509878334 11.3402243210003
8.92355959890527 2.22185711931697 12.1944134328514
8.10216328778664 1.49821182952507 11.992814716883
10.3541105162717 0.225197838276792 11.7415912654251
9.812035871005 3.33238923332419 9.48382970970124
9.19697891110266 0.196858002647709 11.7699643438682
12.7099065498142 0.962971084926229 11.2074087057263
11.152427217087 0.723579685787154 9.45622278843075
9.27547647434787 3.8771913191962 12.9077073819935
11.8151468959802 2.22056290423933 11.0114203002304
10.3137451821045 0.338454972951913 11.7129809791222
9.73523088653512 0.805933368417075 12.3812531698495
8.48706736718346 1.50109021610212 9.35944544617087
8.99559540847596 6.28898653560151 11.7223170958459
8.46402787613477 0.189414210077796 9.31212312262505
12.2310529541041 1.10568250333109 12.300235520117
10.7237843622139 1.9702567158667 10.0928926067427
13.4288936292418 0.873740161028645 10.5732845263556
15.2616477909994 0.37543473484662 9.21514553297311
7.43873265733266 0.43971796792843 11.8904613871127
12.2094927434628 0.260672509461435 9.34373989980668
9.80859085719158 0.3681023203709 12.0920366141945
8.84950644038511 0.193365029764559 11.7858421625569
6.45743197699906 2.35576789098954 12.8067521303892
11.2766082585427 0.299939248391379 10.9782909257337
5.78173585353588 0.419508606251045 12.486030286178
8.89915925465766 0.197221483953845 10.4903561761603
9.87668917045395 1.00329450862204 10.2735578911379
12.0259273514537 1.18007290163847 11.7187636634335
10.2139392117229 1.42012827798785 9.96357510332018
10.8867240514252 2.95614739621892 12.3627592362463
11.5821792488753 0.911649868752354 12.56355285272
9.0473523837478 0.575168608958288 12.4834603760391
7.86043698677487 0.452123563542795 11.7326229522005
6.99912218391214 1.11824258166053 9.09847154375166
7.41403219357262 0.320273113202378 10.905764946714
10.3777780419059 0.68114229366287 9.06355996523052
8.98279293981906 1.11532311661361 11.4897298905998
10.3391488823919 1.30322244766674 12.0467574857175
12.7093114567729 2.30034594102161 9.41470768302679
8.60639955390586 0.181336206916442 10.4866525409743
7.87546616179658 1.433251761479 11.538275891915
11.8931975314129 0.917214568112026 10.6899985680357
8.53014521055577 0.538812703387302 12.573738893494
11.3166358998357 14.7283709643316 10.5318693127483
10.9810023922042 0.311692981808821 12.8906499398872
5.62095832262592 2.17638037025694 9.77414246834815
11.0451323860986 2.04919843471346 12.6240127021447
12.8505498166475 2.42933876452017 11.8484565764666
10.0038540649872 1.0592042798615 9.58672060258687
10.6363414741883 1.63713210104796 10.0195810720325
8.32113140696869 1.11745534018196 10.9247882487252
12.0529484433231 0.102207752502842 12.2437247950584
11.6566554802115 2.01508588100229 10.6255482183769
9.36835810038115 1.04284616299113 9.94849895313382
11.5247690725972 0.430550915733935 12.4236975675449
10.8190440773287 1.15273848048455 12.2947566974908
10.5927233768327 0.105401407853194 11.7872898979113
11.7954936545604 1.28782359343927 10.6037484472618
9.90532290829222 0.854978956327812 12.4666590634733
9.67269959601853 2.50314612521967 11.9618419315666
8.34564495582456 0.37186534511132 10.5796523848549
10.9557663457988 1.90456605150088 11.2973228143528
9.81589174056727 0.297042712693571 11.1891293236986
8.2639114714826 2.19287670900692 10.0557444514707
9.8707425525416 4.62141290390668 10.0916793355718
6.33597400454884 2.55135185650645 11.726503783837
5.52233597101788 1.56726424374088 10.117327131331
7.97727528283632 1.45371153098905 10.6838926654309
11.8319744637131 0.113452404227627 12.3324814876541
9.07765441056266 0.69688811146169 9.45235565677285
9.34700960623571 0.955556902448456 10.1462251283228
4.61311484336718 1.79530207617757 11.4700581198558
14.3498894873866 4.13565386382347 11.840463815257
12.0780783422835 0.861132815193364 12.1096951095387
9.43462850932509 0.448165941337589 12.7218785602599
11.4798100936387 0.643265687495269 9.8766154339537
6.83585574978754 4.60944901933869 10.3860894776881
12.0101758410987 1.35979927148474 11.0382489012554
8.68832703701718 5.83398023676169 10.8063027691096
8.73139233199622 5.01516333279938 9.9017002787441
7.8802037355553 2.56889128672508 11.0031596543267
10.9938913128953 0.131010388295677 9.71942164190114
10.9065338103844 0.46337644632748 12.9804393630475
10.7772611206666 5.46994529526367 11.0837006922811
10.6421490176292 2.22281738462625 9.59966624435037
10.1446300803304 1.11400711911854 9.53940933849663
11.3670214641992 1.97795952288144 10.6854056399316
7.63436761182287 5.08537906937384 10.704485184513
13.4953671350061 0.315694885230687 9.30761478096247
7.35784773322431 1.05263639493578 11.3115257844329
9.94891078768404 0.767755808513022 10.7681253291667
9.92190866441838 0.504863620476889 10.5321634141728
11.174551000771 3.60358935028009 10.6739470828325
4.64003845662099 0.625113148030292 12.1417223187163
9.85308447703575 2.06374676099213 12.3617087295279
12.8742495643071 1.5772010062236 9.5890403650701
11.8269968427326 1.10513899252602 10.0907843960449
9.670954256494 0.387911024681936 9.61347301024944
11.8449390110409 0.855454313537916 12.1514574540779
8.14563947645378 6.04591925527824 12.0669017033651
12.2330058279627 0.312388080608358 9.78002992644906
11.7961509979856 4.84173304490712 12.8649932648987
8.25976620337858 2.41921718758385 9.52805441524833
8.87050280938033 0.635379682575705 10.1726456237957
8.1636241617491 1.14802448462039 12.3089745920151
9.59279089549332 0.608868947189082 10.4270432367921
13.3374145549213 0.684801048503501 9.27653178106993
11.2547419595465 0.52708414058077 12.9026659410447
10.0244773097147 0.486472157366844 10.4920100262389
10.9359893419438 1.66700054497592 10.5804164810106
14.1649644057114 0.384521795028929 12.4577719243243
7.98378562733788 0.695157930280689 11.7666967054829
10.7604687127609 0.400211216625293 10.0641597053036
10.5438039870401 10.2280021376645 12.0189869469032
9.16704114888049 1.98247411728116 11.5035690097138
11.3456852344198 0.975203051160504 9.90227618254721
11.6109488968907 0.527482804658593 9.86364432517439
10.004738214762 0.381745689124265 9.10521818883717
10.5265090140133 2.45498447463697 10.1882056035101
7.38506735652371 2.08658627892692 9.13925909250975
12.9368692600696 0.207665041397435 12.430845447816
8.10090684627357 14.8509594129004 9.84006616473198
7.94832327980314 0.782825415029985 11.9667959604412
10.6963167144904 1.1379688324924 11.0946226296946
9.83783109316535 1.27829064599972 9.94085359666497
12.2366016568854 0.17074174249853 10.1771659301594
12.3636164873228 0.528144342597111 9.34870817139745
7.2177417502321 2.41612462466515 10.8690110240132
13.1479780760866 1.12973723899521 11.4233306534588
10.5439710160929 1.21082297916238 9.4866508403793
8.90646491583901 8.41826712423155 12.615109863691
9.52683298877507 0.31135521510897 10.5917471405119
8.60999683890521 0.300733298856609 11.7812239509076
11.1487631833864 0.942797378547955 12.9349042996764
9.59799429973381 4.08883937274416 10.068166391924
8.98142224051044 2.23279582473573 10.656601681374
9.53961682274221 0.712539898459012 12.071613076143
4.35289326261955 0.878229715880474 10.7407714594156
12.5550885899505 1.53306540520863 11.0352431032807
11.8573983917992 0.0908146687544454 10.3875509193167
10.3372645492124 3.72833479810596 10.5487264050171
11.2266388568824 0.106519181961195 9.70077309943736
10.6708319154349 0.595661977768682 9.56583764124662
10.6573431085898 4.05113558260996 12.1023370409384
9.41111447182107 2.4511007627772 10.3743346277624
13.4809796573644 3.13324518279801 10.3767405375838
7.96036341464674 1.50496474081464 11.7799669206142
10.9176674190322 1.91593009556166 10.8246348584071
9.3166425209846 0.497732203414038 12.8705492680892
14.0135957181599 0.8923013789588 9.4437713464722
10.7597307234486 0.567285975600073 9.10871275980026
8.41854583121689 1.69042290415208 12.6470716241747
11.1736683643483 0.554236858192629 10.9711438734084
10.9639631055794 1.24852606589631 10.6752777155489
12.4936264594843 0.643189747330635 11.7886957740411
7.26077079046618 0.765936842636141 10.5404736632481
12.6510797625656 0.953425141411537 12.0119102569297
8.29317774297888 0.960366167768534 12.685244970955
13.1787873581131 0.332034374818844 9.84181453194469
10.2538858385528 0.730130443250993 9.20031665451825
9.02167516972593 1.49985970268347 10.6550994599238
9.30304876368102 0.728715583389841 9.00129020400345
10.4999286504348 0.859332964375933 9.36121303681284
10.3659201205098 0.325025837899371 10.7251602904871
12.8710109663071 1.62860632274084 11.0939760226756
11.6778411567664 1.48336906468253 9.73369709029794
7.38919904192329 1.799207574634 11.8503549927846
10.7020047956079 1.7394403949383 10.3905877862126
11.5972871929075 4.44598208428725 9.34418297745287
10.4889398083967 0.431435417555698 9.48942141607404
11.0580330714565 2.8172072862616 10.6431136513129
10.8453616769997 0.124417874734347 9.64396555256099
10.1371254164515 5.62374427716234 9.89840046409518
6.0657464693967 1.12020441700809 10.1055192826316
6.81821979541941 1.21078981278041 10.7144701052457
7.96134097135351 3.12209974864049 9.62926414422691
13.864423535554 0.389922334737266 11.4992890562862
7.93060963302217 1.36976400624926 10.5356315802783
10.1032022495288 2.17990381548525 12.6173734869808
11.1616734431147 1.78210427213794 12.6767675932497
12.8788640765297 2.47226918258563 11.1931502725929
12.2169718774284 0.828912657681998 12.4757794532925
10.3890710893711 2.63564668727137 9.39339733216912
11.166873559536 1.0691142810136 11.2994626257569
8.5343591797261 3.31313519655299 11.8286514040083
15.68755560604 0.514543203585775 11.6805354086682
6.51230734330385 3.99358403614179 11.9672240046784
6.38487180711795 0.22454457643846 12.2992257382721
11.8783699524015 16.3117469284485 10.3427664590999
7.50241812021502 0.120816159303663 10.4855424100533
6.32651106124408 4.14167599889907 11.0963206086308
8.71729438255146 3.55029958713514 11.3484449619427
11.0945677375662 3.73076220839824 10.8452869923785
13.1973447395946 1.66168195020492 10.6101377541199
11.3393798219841 0.48874210848411 12.9592843046412
8.20575511060227 0.21154434915077 9.31147158425301
9.27415133090366 1.05833013618925 10.1415683459491
10.5022796202455 1.22034401475643 12.5720506235957
10.4007079394742 1.14228085104151 10.7192098991945
9.69464388537349 0.21768928102987 11.9451146824285
12.3127709960918 0.628567196039157 11.5782688781619
7.81363379179293 0.99291368201571 12.5351933548227
10.8691885215404 0.807077831824377 11.8787464471534
9.06371122234936 1.7129233556536 9.96957616135478
14.6119905454693 0.799150865933694 11.5491087259725
9.59243972594092 0.44844045777611 10.841864769347
10.6065888028865 0.465441128339292 11.6372353639454
5.21300725181654 6.80828439127419 12.1105913668871
6.97302569591113 1.33558872239273 11.45688091591
9.31690725584158 0.364652279371492 10.1864193677902
9.59026571055213 2.28419051131135 10.5313366614282
9.00209242286056 0.297786324522472 9.85804222431034
8.25086939141917 2.30380118947825 10.808920440264
11.8850345785226 2.84252291929839 10.1595604689792
8.84843834961939 0.964938483587738 12.8249960457906
9.597271109766 1.79816477815271 11.1241484275088
11.3053997407777 2.49171828660937 11.3723892318085
8.25324689276339 1.00196527329752 10.871228643693
9.09444553986932 0.313360040497513 11.6458165235817
7.09183055026172 0.430816030223551 10.8399772988632
6.54599744960538 0.270332332912454 12.162476086989
9.55971146283871 0.327671337552946 10.7110103238374
12.2349933621936 0.185335561192152 9.24883671477437
10.3077852357193 0.598106830825661 10.2782156458125
12.9312949246109 0.575196484773965 12.3374862447381
9.88700744559105 0.267219194772801 10.2775064669549
11.5601313633683 3.76539443090867 11.1727097677067
11.0839051863696 0.913212380185509 10.8586354833096
12.0242867030588 3.27141105978181 9.16568831726909
4.91355731763979 0.559432760214179 11.717755577527
12.2798794213216 2.64076442966283 12.4203879386187
8.55033302331004 12.6911497689076 11.6145187523216
11.6682585643877 1.43955295570497 11.9509815722704
13.4845762503532 3.90445247029481 9.83071262855083
13.3997506247364 7.41888646482205 12.7451946688816
9.15951456079843 0.541782323413429 10.0797766791657
7.00751925262561 0.324227852690296 10.0076292874292
9.86418220898085 4.07246949507249 9.37621816620231
8.18358162291927 1.43399500772926 9.36519979219884
10.853245053869 4.77422079141212 9.46777577791363
9.16141352885697 2.0938641774093 9.24414348136634
8.64942568188946 0.660175015974616 10.1356026409194
8.85365839042423 1.62142828750106 12.5040858127177
12.7912658530802 0.917970258155003 10.7855857303366
10.8764648140154 1.54927455621908 12.3764386465773
9.08256923830644 0.684268240023783 10.0310333492234
11.0837929139051 0.174382294972951 11.5254595028237
9.20122578313777 0.881301285608202 11.1521820537746
8.87285685680442 0.17585355948856 12.9676257325336
10.5766911783046 0.850153564261521 11.0564469574019
9.53249201742849 1.57197850872371 9.72912081889808
9.0958399870397 0.165097822491255 11.1976732388139
9.13010419736167 3.64649734645699 12.6459146393463
9.81802506931012 1.33288771888557 12.080298894085
10.3301599502995 3.75995572464999 9.4267717525363
11.2792333542677 1.99820683199614 11.2599891442806
12.0302293374319 1.63940053139818 9.18266925308853
7.94424676324835 0.164563625249386 9.16383160743862
8.75153770196962 0.0298429336707387 10.6595097566023
11.2908154195596 1.17634722562211 10.4592093173414
8.48257776240193 0.762125501295702 9.18693285249174
7.02813637777745 0.411584148571654 9.52153372112662
12.3618144562175 0.478433739357339 10.1298563890159
11.2294808451885 2.73872532126742 10.0794356558472
10.9172903674818 0.59389309356264 11.4948439020663
12.5113880187394 0.543565176989635 12.8017991790548
8.99074782381755 1.2906258012827 12.6925401110202
9.80445387597798 1.67941482293912 11.7929739393294
8.52957461766106 0.678194098555166 11.9212801456451
9.78678239090542 0.541881970133223 9.43451766949147
12.8250156255382 1.21073073675026 12.3049579868093
11.5177954446488 0.980910696288667 11.1909800851718
13.6882319053602 0.331163625145022 9.95098061766475
11.0408700179091 0.989112940611402 9.84517529327422
9.89194588398874 0.609482087642441 9.46959155984223
8.2203336405853 1.97331940795609 10.670504306443
11.91223914412 4.48178377022287 9.82753439806402
6.61867153620178 1.34665242274208 10.7376588061452
9.41989236517677 0.910777683456555 12.2213992020115
10.0914495675018 0.979761689316786 10.4986458104104
11.0390918147657 0.322016462182655 10.4367630891502
13.6729409301472 0.879436838765988 12.735622368753
10.7253761485679 0.728664328320998 10.6484661847353
10.2469270123578 16.7985231834912 10.1250097760931
8.79799834440003 0.925582759404469 10.3035949580371
10.6109192513524 0.733046596214735 9.07145267911255
7.9502237256672 0.908700341359112 11.8546663243324
10.38173864326 0.428225735712696 10.0415968485177
7.90269602472423 4.3879481976954 11.1120801372454
9.87608239421073 13.3522315384692 11.4113044217229
9.50035560730781 0.497263763717188 12.0744316074997
12.8859131725608 1.91229638840211 9.34868106525391
8.35269658475676 2.81977326142889 11.7754021091387
11.215618243277 0.435932778188805 11.8483316749334
10.4949483873413 0.503361854271467 12.0130251944065
8.21177062859303 1.20226629857408 10.1931989435107
8.60683066834342 0.0656634970321585 12.1767347771674
11.2425292577298 3.92695383320167 12.0924474811181
12.4969121816602 0.529494671645809 10.2531886957586
9.69989005465587 2.23949941423982 9.22779666911811
12.5560311990589 1.03416020165222 11.2823479995131
7.42357588999518 2.0389597457654 9.64585170056671
8.34863031775704 0.361294422013653 11.6697355015203
7.80293856972291 0.394231292530761 9.81064143497497
12.049219653115 0.236821802905771 10.1581302154809
8.12977221728551 1.65795704904854 12.0574763501063
8.35213586969858 10.0666865527247 9.86791263427585
4.67507962511313 1.89174606016546 11.109043690376
10.6067170806877 0.456324137211427 11.6924749165773
7.72330489887746 0.176824176801189 9.92018678970635
8.6795505440181 0.238755055280381 11.9457461135462
13.8091574729323 11.7043720883944 11.4375092750415
8.4296507209531 0.275548783169882 11.7100009657443
10.0778142940067 1.77233638403071 11.7146911686286
8.27975582213976 1.14549267836265 11.6752005247399
10.8364570207949 0.831105809755609 10.9360440904275
8.22715741165796 0.502043794312628 12.5168572915718
12.0137374442327 6.32302340841626 11.8428706377745
9.23582190242951 0.431159728483719 11.1877126824111
8.98650965254611 0.115259923098885 9.3705671839416
7.33805538040366 1.2536362628614 11.7101204292849
9.10102513669036 1.0071032222463 9.30931703187525
